 行数：4
 列数：4
1.0 2.0 3.0 4.0 
5.0 6.0 7.0 8.0 
9.0 1.0 2.0 3.0 
4.0 5.0 6.0 7.0 


 行数：4
 列数：4
2.0 3.0 4.0 5.0 
6.0 7.0 8.0 9.0 
1.0 2.0 4.0 6.0 
4.0 3.0 2.0 1.0 

false

 行数：4
 列数：4
3.0 5.0 7.0 9.0 
11.0 13.0 15.0 17.0 
10.0 3.0 6.0 9.0 
8.0 8.0 8.0 8.0 


 行数：4
 列数：4
33.0 35.0 40.0 45.0 
85.0 95.0 112.0 129.0 
38.0 47.0 58.0 69.0 
72.0 80.0 94.0 108.0 


 行数：4
 列数：4
1.0 1.0 1.0 1.0 
1.0 1.0 1.0 1.0 
-8.0 1.0 2.0 3.0 
0.0 -2.0 -4.0 -6.0 


 行数：4
 列数：4
4.0 6.0 8.0 10.0 
12.0 14.0 16.0 18.0 
2.0 4.0 8.0 12.0 
8.0 6.0 4.0 2.0 


 行数：3
 列数：3
0.0 0.0 0.0 
0.0 0.0 0.0 
0.0 0.0 0.0 

