sqrt(1)=1.0
sqrt(2)=1.4142135623730951
sqrt(3)=1.7320508075688772
sqrt(4)=2.0
sqrt(5)=2.23606797749979
sqrt(6)=2.449489742783178
sqrt(7)=2.6457513110645907
sqrt(8)=2.8284271247461903
sqrt(9)=3.0
sqrt(10)=3.1622776601683795
sqrt(11)=3.3166247903554
sqrt(12)=3.4641016151377544
sqrt(13)=3.605551275463989
sqrt(14)=3.7416573867739413
sqrt(15)=3.872983346207417
sqrt(16)=4.0
sqrt(17)=4.123105625617661
sqrt(18)=4.242640687119285
sqrt(19)=4.358898943540674
sqrt(20)=4.47213595499958
sqrt(21)=4.58257569495584
sqrt(22)=4.69041575982343
sqrt(23)=4.795831523312719
sqrt(24)=4.898979485566356
sqrt(25)=5.0
sqrt(26)=5.0990195135927845
sqrt(27)=5.196152422706632
sqrt(28)=5.291502622129181
sqrt(29)=5.385164807134504
sqrt(30)=5.477225575051661
sqrt(31)=5.5677643628300215
sqrt(32)=5.656854249492381
sqrt(33)=5.744562646538029
sqrt(34)=5.830951894845301
sqrt(35)=5.916079783099616
sqrt(36)=6.0
sqrt(37)=6.082762530298219
sqrt(38)=6.164414002968976
sqrt(39)=6.244997998398398
sqrt(40)=6.324555320336759
sqrt(41)=6.4031242374328485
sqrt(42)=6.48074069840786
sqrt(43)=6.557438524302
sqrt(44)=6.6332495807108
sqrt(45)=6.708203932499369
sqrt(46)=6.782329983125268
sqrt(47)=6.855654600401044
sqrt(48)=6.928203230275509
sqrt(49)=7.0
sqrt(50)=7.0710678118654755
sqrt(51)=7.14142842854285
sqrt(52)=7.211102550927978
sqrt(53)=7.280109889280518
sqrt(54)=7.3484692283495345
sqrt(55)=7.416198487095663
sqrt(56)=7.483314773547883
sqrt(57)=7.54983443527075
sqrt(58)=7.615773105863909
sqrt(59)=7.681145747868608
sqrt(60)=7.745966692414834
sqrt(61)=7.810249675906654
sqrt(62)=7.874007874011811
sqrt(63)=7.937253933193772
sqrt(64)=8.0
sqrt(65)=8.06225774829855
sqrt(66)=8.12403840463596
sqrt(67)=8.18535277187245
sqrt(68)=8.246211251235321
sqrt(69)=8.306623862918075
sqrt(70)=8.366600265340756
sqrt(71)=8.426149773176359
sqrt(72)=8.48528137423857
sqrt(73)=8.54400374531753
sqrt(74)=8.602325267042627
sqrt(75)=8.660254037844387
sqrt(76)=8.717797887081348
sqrt(77)=8.774964387392123
sqrt(78)=8.831760866327848
sqrt(79)=8.888194417315589
sqrt(80)=8.94427190999916
sqrt(81)=9.0
sqrt(82)=9.055385138137417
sqrt(83)=9.1104335791443
sqrt(84)=9.16515138991168
sqrt(85)=9.219544457292887
sqrt(86)=9.273618495495704
sqrt(87)=9.327379053088816
sqrt(88)=9.38083151964686
sqrt(89)=9.433981132056603
sqrt(90)=9.486832980505138
sqrt(91)=9.539392014169456
sqrt(92)=9.591663046625438
sqrt(93)=9.643650760992955
sqrt(94)=9.695359714832659
sqrt(95)=9.746794344808963
sqrt(96)=9.797958971132712
sqrt(97)=9.848857801796104
sqrt(98)=9.899494936611665
sqrt(99)=9.9498743710662
sqrt(100)=10.0
